1,0,55,0
1,0.517508,55,3857.1
2,0,55,0
2,1.7927,55,3857.1
3,0,55,0
3,1.8659,55,3857.1
4,0,55,0.52632
4,0.51504,55,3857.63
5,0,55,0.52632
5,1.78415,55,3857.63
6,0,55,0.52632
6,1.857,55,3857.63
7,0,55,1.0526
7,0.513992,55,3858.16
8,0,55,1.0526
8,1.78052,55,3858.15
9,0,55,1.0526
9,1.85323,55,3858.15
10,0,55,1.5789
10,0.513179,55,3858.68
11,0,55,1.5789
11,1.7777,55,3858.68
12,0,55,1.5789
12,1.85029,55,3858.68
13,0,55,2.1053
13,0.512485,55,3859.21
14,0,55,2.1053
14,1.7753,55,3859.21
15,0,55,2.1053
15,1.84779,55,3859.2
16,0,55,2.6316
16,0.51187,55,3859.73
17,0,55,2.6316
17,1.77317,55,3859.73
18,0,55,2.6316
18,1.84557,55,3859.73
19,0,55,3.1579
19,0.511308,55,3860.26
20,0,55,3.1579
20,1.77122,55,3860.26
21,0,55,3.1579
21,1.84354,55,3860.26
22,0,55,3.6842
22,0.51079,55,3860.78
23,0,55,3.6842
23,1.76943,55,3860.78
24,0,55,3.6842
24,1.84168,55,3860.78
25,0,55,4.2105
25,0.510303,55,3861.31
26,0,55,4.2105
26,1.76774,55,3861.32
27,0,55,4.2105
27,1.83992,55,3861.31
28,0,55,4.7368
28,0.509844,55,3861.84
29,0,55,4.7368
29,1.76615,55,3861.84
30,0,55,4.7368
30,1.83827,55,3861.84
31,0,55,5.2632
31,0.509408,55,3862.36
32,0,55,5.2632
32,1.76464,55,3862.36
33,0,55,5.2632
33,1.83669,55,3862.36
34,0,55,5.7895
34,0.50899,55,3862.89
35,0,55,5.7895
35,1.76319,55,3862.89
36,0,55,5.7895
36,1.83519,55,3862.89
37,0,55,6.3158
37,0.508589,55,3863.42
38,0,55,6.3158
38,1.7618,55,3863.42
39,0,55,6.3158
39,1.83374,55,3863.42
40,0,55,6.8421
40,0.508204,55,3863.94
41,0,55,6.8421
41,1.76047,55,3863.94
42,0,55,6.8421
42,1.83235,55,3863.94
43,0,55,7.3684
43,0.507831,55,3864.47
44,0,55,7.3684
44,1.75918,55,3864.47
45,0,55,7.3684
45,1.83101,55,3864.47
46,0,55,7.8947
46,0.507469,55,3865
47,0,55,7.8947
47,1.75792,55,3865
48,0,55,7.8947
48,1.8297,55,3865
49,0,55,8.4211
49,0.507119,55,3865.52
50,0,55,8.4211
50,1.75671,55,3865.52
51,0,55,8.4211
51,1.82844,55,3865.52
52,0,55,8.9474
52,0.506777,55,3866.05
53,0,55,8.9474
53,1.75553,55,3866.05
54,0,55,8.9474
54,1.82721,55,3866.05
55,0,55,9.4737
55,0.506444,55,3866.58
56,0,55,9.4737
56,1.75437,55,3866.58
57,0,55,9.4737
57,1.82601,55,3866.58
58,0,55,10
58,0.50612,55,3867.1
59,0,55,10
59,1.75325,55,3867.1
60,0,55,10
60,1.82484,55,3867.1
61,0,55,0
61,0.517508,55,3857.1
62,0,55,0
62,1.7927,55,3857.1
63,0,55,0
63,1.8659,55,3857.1
64,0,55,0.52632
64,0.515077,53.7865,3857.62
65,0,55,0.52632
65,1.78428,53.7865,3857.62
66,0,55,0.52632
66,1.85713,53.7865,3857.62
67,0,55,1.0526
67,0.514046,53.2926,3858.16
68,0,55,1.0526
68,1.7807,53.2926,3858.16
69,0,55,1.0526
69,1.85342,53.2926,3858.16
70,0,55,1.5789
70,0.513245,52.9166,3858.69
71,0,55,1.5789
71,1.77793,52.9166,3858.69
72,0,55,1.5789
72,1.85053,52.9166,3858.69
73,0,55,2.1053
73,0.512564,52.6012,3859.21
74,0,55,2.1053
74,1.77557,52.6012,3859.21
75,0,55,2.1053
75,1.84808,52.6012,3859.21
76,0,55,2.6316
76,0.511962,52.325,3859.72
77,0,55,2.6316
77,1.77349,52.325,3859.72
78,0,55,2.6316
78,1.8459,52.325,3859.72
79,0,55,3.1579
79,0.511413,52.0764,3860.23
80,0,55,3.1579
80,1.77159,52.0764,3860.23
81,0,55,3.1579
81,1.84392,52.0764,3860.23
82,0,55,3.6842
82,0.510904,51.8489,3860.76
83,0,55,3.6842
83,1.76982,51.8489,3860.76
84,0,55,3.6842
84,1.84209,51.8489,3860.76
85,0,55,4.2105
85,0.510427,51.6379,3861.29
86,0,55,4.2105
86,1.76817,51.6379,3861.29
87,0,55,4.2105
87,1.84037,51.6379,3861.29
88,0,55,4.7368
88,0.509974,51.4407,3861.83
89,0,55,4.7368
89,1.7666,51.4407,3861.83
90,0,55,4.7368
90,1.83874,51.4407,3861.83
91,0,55,5.2632
91,0.509547,51.2548,3862.35
92,0,55,5.2632
92,1.76512,51.2548,3862.35
93,0,55,5.2632
93,1.8372,51.2548,3862.35
94,0,55,5.7895
94,0.509138,51.0787,3862.88
95,0,55,5.7895
95,1.7637,51.0787,3862.88
96,0,55,5.7895
96,1.83572,51.0787,3862.88
97,0,55,6.3158
97,0.508744,50.9109,3863.41
98,0,55,6.3158
98,1.76234,50.9109,3863.41
99,0,55,6.3158
99,1.8343,50.9109,3863.41
100,0,55,6.8421
100,0.508366,50.7506,3863.94
101,0,55,6.8421
101,1.76103,50.7506,3863.94
102,0,55,6.8421
102,1.83294,50.7506,3863.94
103,0,55,7.3684
103,0.508001,50.5967,3864.47
104,0,55,7.3684
104,1.75976,50.5967,3864.47
105,0,55,7.3684
105,1.83162,50.5967,3864.47
106,0,55,7.8947
106,0.507647,50.4487,3864.99
107,0,55,7.8947
107,1.75854,50.4487,3864.99
108,0,55,7.8947
108,1.83035,50.4487,3864.99
109,0,55,8.4211
109,0.507303,50.3061,3865.53
110,0,55,8.4211
110,1.75735,50.3061,3865.53
111,0,55,8.4211
111,1.8291,50.3061,3865.53
112,0,55,8.9474
112,0.506969,50.1682,3866.05
113,0,55,8.9474
113,1.75619,50.1682,3866.05
114,0,55,8.9474
114,1.8279,50.1682,3866.05
115,0,55,9.4737
115,0.506645,50.0348,3866.56
116,0,55,9.4737
116,1.75507,50.0348,3866.56
117,0,55,9.4737
117,1.82673,50.0348,3866.56
118,0,55,10
118,0.506326,49.9053,3867.09
119,0,55,10
119,1.75396,49.9053,3867.09
120,0,55,10
120,1.82558,49.9053,3867.09
121,0,55,0
121,0.517508,55,3857.1
122,0,55,0
122,1.7927,55,3857.1
123,0,55,0
123,1.8659,55,3857.1
124,0,55,0.52632
124,0.515185,52.6073,3857.63
125,0,55,0.52632
125,1.78465,52.6073,3857.63
126,0,55,0.52632
126,1.85752,52.6073,3857.63
127,0,55,1.0526
127,0.514207,51.6305,3858.13
128,0,55,1.0526
128,1.78127,51.6305,3858.13
129,0,55,1.0526
129,1.854,51.6305,3858.13
130,0,55,1.5789
130,0.513447,50.8868,3858.67
131,0,55,1.5789
131,1.77863,50.8868,3858.67
132,0,55,1.5789
132,1.85126,50.8868,3858.67
133,0,55,2.1053
133,0.512801,50.2632,3859.21
134,0,55,2.1053
134,1.77639,50.2632,3859.21
135,0,55,2.1053
135,1.84893,50.2632,3859.21
136,0,55,2.6316
136,0.512231,49.7177,3859.71
137,0,55,2.6316
137,1.77442,49.7177,3859.71
138,0,55,2.6316
138,1.84687,49.7177,3859.71
139,0,55,3.1579
139,0.511712,49.2267,3860.24
140,0,55,3.1579
140,1.77262,49.2267,3860.24
141,0,55,3.1579
141,1.845,49.2267,3860.24
142,0,55,3.6842
142,0.511229,48.7775,3860.78
143,0,55,3.6842
143,1.77095,48.7775,3860.78
144,0,55,3.6842
144,1.84326,48.7775,3860.78
145,0,55,4.2105
145,0.510777,48.3607,3861.32
146,0,55,4.2105
146,1.76938,48.3607,3861.32
147,0,55,4.2105
147,1.84163,48.3607,3861.32
148,0,55,4.7368
148,0.510351,47.9706,3861.86
149,0,55,4.7368
149,1.76791,47.9706,3861.86
150,0,55,4.7368
150,1.84009,47.9706,3861.86
151,0,55,5.2632
151,0.509948,47.603,3862.39
152,0,55,5.2632
152,1.76651,47.603,3862.39
153,0,55,5.2632
153,1.83864,47.603,3862.39
154,0,55,5.7895
154,0.509567,47.2543,3862.89
155,0,55,5.7895
155,1.76519,47.2543,3862.89
156,0,55,5.7895
156,1.83727,47.2543,3862.89
157,0,55,6.3158
157,0.509199,46.9228,3863.41
158,0,55,6.3158
158,1.76391,46.9228,3863.41
159,0,55,6.3158
159,1.83594,46.9228,3863.41
160,0,55,6.8421
160,0.508845,46.6057,3863.93
161,0,55,6.8421
161,1.76269,46.6057,3863.93
162,0,55,6.8421
162,1.83466,46.6057,3863.93
163,0,55,7.3684
163,0.508504,46.3022,3864.44
164,0,55,7.3684
164,1.76151,46.3022,3864.44
165,0,55,7.3684
165,1.83343,46.3022,3864.44
166,0,55,7.8947
166,0.508171,46.01,3864.98
167,0,55,7.8947
167,1.76035,46.01,3864.98
168,0,55,7.8947
168,1.83223,46.01,3864.98
169,0,55,8.4211
169,0.507849,45.728,3865.51
170,0,55,8.4211
170,1.75924,45.728,3865.51
171,0,55,8.4211
171,1.83107,45.728,3865.51
172,0,55,8.9474
172,0.507536,45.456,3866.04
173,0,55,8.9474
173,1.75815,45.456,3866.04
174,0,55,8.9474
174,1.82994,45.456,3866.04
175,0,55,9.4737
175,0.507231,45.1919,3866.57
176,0,55,9.4737
176,1.7571,45.1919,3866.57
177,0,55,9.4737
177,1.82885,45.1919,3866.57
178,0,55,10
178,0.506934,44.9359,3867.09
179,0,55,10
179,1.75607,44.9359,3867.09
180,0,55,10
180,1.82777,44.9359,3867.09
181,0,55,0
181,0.517508,55,3857.1
182,0,55,0
182,1.7927,55,3857.1
183,0,55,0
183,1.8659,55,3857.1
184,0,55,0.52632
184,0.515363,51.4901,3857.61
185,0,55,0.52632
185,1.78527,51.4901,3857.61
186,0,55,0.52632
186,1.85817,51.4901,3857.61
187,0,55,1.0526
187,0.514465,50.0559,3858.14
188,0,55,1.0526
188,1.78216,50.0559,3858.14
189,0,55,1.0526
189,1.85493,50.0559,3858.14
190,0,55,1.5789
190,0.513771,48.964,3858.67
191,0,55,1.5789
191,1.77975,48.964,3858.67
192,0,55,1.5789
192,1.85243,48.964,3858.67
193,0,55,2.1053
193,0.51318,48.0487,3859.23
194,0,55,2.1053
194,1.7777,48.0487,3859.23
195,0,55,2.1053
195,1.85029,48.0487,3859.23
196,0,55,2.6316
196,0.512664,47.2455,3859.74
197,0,55,2.6316
197,1.77592,47.2455,3859.74
198,0,55,2.6316
198,1.84843,47.2455,3859.74
199,0,55,3.1579
199,0.512197,46.5241,3860.23
200,0,55,3.1579
200,1.7743,46.5241,3860.23
201,0,55,3.1579
201,1.84675,46.5241,3860.23
202,0,55,3.6842
202,0.511762,45.8637,3860.77
203,0,55,3.6842
203,1.77279,45.8637,3860.77
204,0,55,3.6842
204,1.84518,45.8637,3860.77
205,0,55,4.2105
205,0.511356,45.2514,3861.31
206,0,55,4.2105
206,1.77139,45.2514,3861.31
207,0,55,4.2105
207,1.84372,45.2514,3861.31
208,0,55,4.7368
208,0.510974,44.6783,3861.84
209,0,55,4.7368
209,1.77006,44.6783,3861.84
210,0,55,4.7368
210,1.84234,44.6783,3861.84
211,0,55,5.2632
211,0.510613,44.1377,3862.36
212,0,55,5.2632
212,1.76881,44.1377,3862.36
213,0,55,5.2632
213,1.84104,44.1377,3862.36
214,0,55,5.7895
214,0.510268,43.6264,3862.89
215,0,55,5.7895
215,1.76762,43.6264,3862.89
216,0,55,5.7895
216,1.8398,43.6264,3862.89
217,0,55,6.3158
217,0.509939,43.1389,3863.41
218,0,55,6.3158
218,1.76648,43.1389,3863.41
219,0,55,6.3158
219,1.83861,43.1389,3863.41
220,0,55,6.8421
220,0.509622,42.6733,3863.92
221,0,55,6.8421
221,1.76538,42.6733,3863.92
222,0,55,6.8421
222,1.83747,42.6733,3863.92
223,0,55,7.3684
223,0.509315,42.2267,3864.46
224,0,55,7.3684
224,1.76432,42.2267,3864.46
225,0,55,7.3684
225,1.83636,42.2267,3864.46
226,0,55,7.8947
226,0.509018,41.7964,3864.99
227,0,55,7.8947
227,1.76329,41.7964,3864.99
228,0,55,7.8947
228,1.83529,41.7964,3864.99
229,0,55,8.4211
229,0.508731,41.3822,3865.52
230,0,55,8.4211
230,1.7623,41.3822,3865.52
231,0,55,8.4211
231,1.83426,41.3822,3865.52
232,0,55,8.9474
232,0.508452,40.9813,3866.06
233,0,55,8.9474
233,1.76133,40.9813,3866.06
234,0,55,8.9474
234,1.83325,40.9813,3866.06
235,0,55,9.4737
235,0.508182,40.5924,3866.58
236,0,55,9.4737
236,1.76039,40.5924,3866.58
237,0,55,9.4737
237,1.83228,40.5924,3866.58
238,0,55,10
238,0.507919,40.2163,3867.1
239,0,55,10
239,1.75948,40.2163,3867.1
240,0,55,10
240,1.83132,40.2163,3867.1
241,0,55,0
241,0.517508,55,3857.1
242,0,55,0
242,1.7927,55,3857.1
243,0,55,0
243,1.8659,55,3857.1
244,0,55,0.52632
244,0.5156,50.4658,3857.62
245,0,55,0.52632
245,1.78609,50.4658,3857.62
246,0,55,0.52632
246,1.85902,50.4658,3857.62
247,0,55,1.0526
247,0.51481,48.6119,3858.16
248,0,55,1.0526
248,1.78335,48.6119,3858.16
249,0,55,1.0526
249,1.85617,48.6119,3858.16
250,0,55,1.5789
250,0.514207,47.1977,3858.68
251,0,55,1.5789
251,1.78126,47.1977,3858.68
252,0,55,1.5789
252,1.854,47.1977,3858.68
253,0,55,2.1053
253,0.513701,46.0135,3859.19
254,0,55,2.1053
254,1.77951,46.0135,3859.19
255,0,55,2.1053
255,1.85217,46.0135,3859.19
256,0,55,2.6316
256,0.513252,44.9752,3859.73
257,0,55,2.6316
257,1.77795,44.9752,3859.73
258,0,55,2.6316
258,1.85055,44.9752,3859.73
259,0,55,3.1579
259,0.512847,44.0405,3860.26
260,0,55,3.1579
260,1.77655,44.0405,3860.26
261,0,55,3.1579
261,1.84909,44.0405,3860.26
262,0,55,3.6842
262,0.512477,43.1846,3860.77
263,0,55,3.6842
263,1.77527,43.1846,3860.77
264,0,55,3.6842
264,1.84776,43.1846,3860.77
265,0,55,4.2105
265,0.51213,42.3923,3861.3
266,0,55,4.2105
266,1.77407,42.3923,3861.3
267,0,55,4.2105
267,1.84651,42.3923,3861.3
268,0,55,4.7368
268,0.511805,41.6493,3861.83
269,0,55,4.7368
269,1.77294,41.6493,3861.83
270,0,55,4.7368
270,1.84534,41.6493,3861.83
271,0,55,5.2632
271,0.511497,40.9488,3862.36
272,0,55,5.2632
272,1.77188,40.9488,3862.36
273,0,55,5.2632
273,1.84423,40.9488,3862.36
274,0,55,5.7895
274,0.511205,40.285,3862.9
275,0,55,5.7895
275,1.77087,40.285,3862.9
276,0,55,5.7895
276,1.84318,40.285,3862.9
277,0,55,6.3158
277,0.510929,39.6529,3863.41
278,0,55,6.3158
278,1.76991,39.6529,3863.41
279,0,55,6.3158
279,1.84218,39.6529,3863.41
280,0,55,6.8421
280,0.510665,39.0506,3863.92
281,0,55,6.8421
281,1.76899,39.0506,3863.92
282,0,55,6.8421
282,1.84123,39.0506,3863.92
283,0,55,7.3684
283,0.510408,38.473,3864.45
284,0,55,7.3684
284,1.7681,38.473,3864.45
285,0,55,7.3684
285,1.8403,38.473,3864.45
286,0,55,7.8947
286,0.510159,37.9156,3864.99
287,0,55,7.8947
287,1.76724,37.9156,3864.99
288,0,55,7.8947
288,1.8394,37.9156,3864.99
289,0,55,8.4211
289,0.50992,37.3787,3865.52
290,0,55,8.4211
290,1.76641,37.3787,3865.52
291,0,55,8.4211
291,1.83854,37.3787,3865.52
292,0,55,8.9474
292,0.509687,36.8594,3866.05
293,0,55,8.9474
293,1.76561,36.8594,3866.05
294,0,55,8.9474
294,1.8377,36.8594,3866.05
295,0,55,9.4737
295,0.509465,36.3561,3866.57
296,0,55,9.4737
296,1.76484,36.3561,3866.57
297,0,55,9.4737
297,1.8369,36.3561,3866.57
298,0,55,10
298,0.50925,35.8704,3867.07
299,0,55,10
299,1.76409,35.8704,3867.07
300,0,55,10
300,1.83612,35.8704,3867.07
301,0,55,0
301,0.517508,55,3857.1
302,0,55,0
302,1.7927,55,3857.1
303,0,55,0
303,1.8659,55,3857.1
304,0,55,0.52632
304,0.515895,49.5628,3857.6
305,0,55,0.52632
305,1.78711,49.5628,3857.6
306,0,55,0.52632
306,1.86008,49.5628,3857.6
307,0,55,1.0526
307,0.515236,47.335,3858.16
308,0,55,1.0526
308,1.78483,47.335,3858.16
309,0,55,1.0526
309,1.85771,47.335,3858.16
310,0,55,1.5789
310,0.514743,45.6374,3858.67
311,0,55,1.5789
311,1.78312,45.6374,3858.67
312,0,55,1.5789
312,1.85593,45.6374,3858.67
313,0,55,2.1053
313,0.514328,44.2129,3859.19
314,0,55,2.1053
314,1.78168,44.2129,3859.19
315,0,55,2.1053
315,1.85443,44.2129,3859.19
316,0,55,2.6316
316,0.513965,42.9642,3859.73
317,0,55,2.6316
317,1.78042,42.9642,3859.73
318,0,55,2.6316
318,1.85312,42.9642,3859.73
319,0,55,3.1579
319,0.513639,41.8398,3860.26
320,0,55,3.1579
320,1.77929,41.8398,3860.26
321,0,55,3.1579
321,1.85195,41.8398,3860.26
322,0,55,3.6842
322,0.513342,40.8093,3860.79
323,0,55,3.6842
323,1.77827,40.8093,3860.79
324,0,55,3.6842
324,1.85088,40.8093,3860.79
325,0,55,4.2105
325,0.51307,39.8539,3861.3
326,0,55,4.2105
326,1.77733,39.8539,3861.3
327,0,55,4.2105
327,1.8499,39.8539,3861.3
328,0,55,4.7368
328,0.512816,38.9618,3861.81
329,0,55,4.7368
329,1.77645,38.9618,3861.81
330,0,55,4.7368
330,1.84898,38.9618,3861.81
331,0,55,5.2632
331,0.512575,38.1201,3862.36
332,0,55,5.2632
332,1.77561,38.1201,3862.35
333,0,55,5.2632
333,1.84811,38.1201,3862.35
334,0,55,5.7895
334,0.512346,37.3223,3862.89
335,0,55,5.7895
335,1.77482,37.3223,3862.89
336,0,55,5.7895
336,1.84729,37.3223,3862.89
337,0,55,6.3158
337,0.512132,36.5614,3863.42
338,0,55,6.3158
338,1.77408,36.5614,3863.42
339,0,55,6.3158
339,1.84652,36.5614,3863.42
340,0,55,6.8421
340,0.511929,35.8352,3863.92
341,0,55,6.8421
341,1.77337,35.8352,3863.92
342,0,55,6.8421
342,1.84579,35.8352,3863.92
343,0,55,7.3684
343,0.511734,35.1418,3864.45
344,0,55,7.3684
344,1.7727,35.1418,3864.45
345,0,55,7.3684
345,1.84508,35.1418,3864.45
346,0,55,7.8947
346,0.511542,34.4726,3865
347,0,55,7.8947
347,1.77203,34.4726,3865
348,0,55,7.8947
348,1.84439,34.4726,3865
349,0,55,8.4211
349,0.511362,33.8257,3865.53
350,0,55,8.4211
350,1.77141,33.8257,3865.53
351,0,55,8.4211
351,1.84374,33.8257,3865.53
352,0,55,8.9474
352,0.511194,33.2017,3866.03
353,0,55,8.9474
353,1.77083,33.2017,3866.03
354,0,55,8.9474
354,1.84313,33.2017,3866.03
355,0,55,9.4737
355,0.511028,32.5998,3866.56
356,0,55,9.4737
356,1.77025,32.5998,3866.56
357,0,55,9.4737
357,1.84253,32.5998,3866.56
358,0,55,10
358,0.510868,32.0167,3867.07
359,0,55,10
359,1.7697,32.0167,3867.07
360,0,55,10
360,1.84196,32.0167,3867.07
361,0,55,0
361,0.517508,55,3857.1
362,0,55,0
362,1.7927,55,3857.1
363,0,55,0
363,1.8659,55,3857.1
364,0,55,0.52632
364,0.516228,48.8049,3857.63
365,0,55,0.52632
365,1.78826,48.8049,3857.63
366,0,55,0.52632
366,1.86128,48.8049,3857.63
367,0,55,1.0526
367,0.51573,46.2625,3858.12
368,0,55,1.0526
368,1.78654,46.2625,3858.12
369,0,55,1.0526
369,1.85949,46.2625,3858.12
370,0,55,1.5789
370,0.515352,44.3229,3858.67
371,0,55,1.5789
371,1.78523,44.3229,3858.67
372,0,55,1.5789
372,1.85813,44.3229,3858.67
373,0,55,2.1053
373,0.515043,42.6953,3859.2
374,0,55,2.1053
374,1.78416,42.6953,3859.2
375,0,55,2.1053
375,1.85701,42.6953,3859.2
376,0,55,2.6316
376,0.514775,41.2663,3859.75
377,0,55,2.6316
377,1.78323,41.2663,3859.75
378,0,55,2.6316
378,1.85605,41.2663,3859.75
379,0,55,3.1579
379,0.514543,39.9787,3860.25
380,0,55,3.1579
380,1.78243,39.9787,3860.25
381,0,55,3.1579
381,1.85521,39.9787,3860.25
382,0,55,3.6842
382,0.514333,38.8035,3860.76
383,0,55,3.6842
383,1.7817,38.8035,3860.76
384,0,55,3.6842
384,1.85445,38.8035,3860.76
385,0,55,4.2105
385,0.514136,37.7119,3861.32
386,0,55,4.2105
386,1.78102,37.7119,3861.32
387,0,55,4.2105
387,1.85374,37.7119,3861.32
388,0,55,4.7368
388,0.513959,36.6884,3861.84
389,0,55,4.7368
389,1.78041,36.6884,3861.84
390,0,55,4.7368
390,1.85311,36.6884,3861.84
391,0,55,5.2632
391,0.513796,35.7264,3862.35
392,0,55,5.2632
392,1.77984,35.7264,3862.35
393,0,55,5.2632
393,1.85252,35.7264,3862.35
394,0,55,5.7895
394,0.513642,34.8143,3862.88
395,0,55,5.7895
395,1.77931,34.8143,3862.88
396,0,55,5.7895
396,1.85196,34.8143,3862.88
397,0,55,6.3158
397,0.513498,33.9455,3863.41
398,0,55,6.3158
398,1.77881,33.9455,3863.41
399,0,55,6.3158
399,1.85144,33.9455,3863.41
400,0,55,6.8421
400,0.513365,33.115,3863.93
401,0,55,6.8421
401,1.77835,33.115,3863.93
402,0,55,6.8421
402,1.85096,33.115,3863.93
403,0,55,7.3684
403,0.51324,32.3212,3864.44
404,0,55,7.3684
404,1.77791,32.3212,3864.44
405,0,55,7.3684
405,1.85051,32.3212,3864.44
406,0,55,7.8947
406,0.51312,31.5585,3864.98
407,0,55,7.8947
407,1.7775,31.5585,3864.98
408,0,55,7.8947
408,1.85008,31.5585,3864.98
409,0,55,8.4211
409,0.513008,30.8229,3865.5
410,0,55,8.4211
410,1.77711,30.8229,3865.5
411,0,55,8.4211
411,1.84967,30.8229,3865.5
412,0,55,8.9474
412,0.512899,30.1123,3866.06
413,0,55,8.9474
413,1.77673,30.1123,3866.06
414,0,55,8.9474
414,1.84928,30.1123,3866.06
415,0,55,9.4737
415,0.512804,29.4239,3866.54
416,0,55,9.4737
416,1.7764,29.4239,3866.54
417,0,55,9.4737
417,1.84894,29.4239,3866.54
418,0,55,10
418,0.512713,28.7606,3867.06
419,0,55,10
419,1.77609,28.7606,3867.06
420,0,55,10
420,1.84861,28.7606,3867.06
421,0,55,0
421,0.517508,55,3857.1
422,0,55,0
422,1.7927,55,3857.1
423,0,55,0
423,1.8659,55,3857.1
424,0,55,0.52632
424,0.516595,48.2128,3857.66
425,0,55,0.52632
425,1.78953,48.2128,3857.66
426,0,55,0.52632
426,1.86261,48.2128,3857.66
427,0,55,1.0526
427,0.51626,45.4225,3858.15
428,0,55,1.0526
428,1.78838,45.4225,3858.15
429,0,55,1.0526
429,1.8614,45.4225,3858.15
430,0,55,1.5789
430,0.516017,43.2912,3858.67
431,0,55,1.5789
431,1.78753,43.2912,3858.67
432,0,55,1.5789
432,1.86052,43.2912,3858.67
433,0,55,2.1053
433,0.51582,41.5007,3859.22
434,0,55,2.1053
434,1.78685,41.5007,3859.22
435,0,55,2.1053
435,1.85981,41.5007,3859.22
436,0,55,2.6316
436,0.515661,39.9284,3859.72
437,0,55,2.6316
437,1.7863,39.9284,3859.72
438,0,55,2.6316
438,1.85924,39.9284,3859.72
439,0,55,3.1579
439,0.51552,38.516,3860.25
440,0,55,3.1579
440,1.78581,38.516,3860.25
441,0,55,3.1579
441,1.85873,38.516,3860.25
442,0,55,3.6842
442,0.515397,37.2179,3860.79
443,0,55,3.6842
443,1.78539,37.2179,3860.79
444,0,55,3.6842
444,1.85829,37.2179,3860.79
445,0,55,4.2105
445,0.515293,36.0165,3861.29
446,0,55,4.2105
446,1.78502,36.0165,3861.29
447,0,55,4.2105
447,1.85791,36.0165,3861.29
448,0,55,4.7368
448,0.515195,34.8935,3861.82
449,0,55,4.7368
449,1.78469,34.8935,3861.82
450,0,55,4.7368
450,1.85756,34.8935,3861.82
451,0,55,5.2632
451,0.515109,33.8325,3862.36
452,0,55,5.2632
452,1.78439,33.8325,3862.36
453,0,55,5.2632
453,1.85725,33.8325,3862.36
454,0,55,5.7895
454,0.515036,32.829,3862.87
455,0,55,5.7895
455,1.78414,32.829,3862.87
456,0,55,5.7895
456,1.85699,32.829,3862.87
457,0,55,6.3158
457,0.514968,31.8771,3863.4
458,0,55,6.3158
458,1.7839,31.8771,3863.4
459,0,55,6.3158
459,1.85674,31.8771,3863.4
460,0,55,6.8421
460,0.514904,30.9643,3863.95
461,0,55,6.8421
461,1.78368,30.9643,3863.95
462,0,55,6.8421
462,1.85651,30.9643,3863.95
463,0,55,7.3684
463,0.514856,30.0878,3864.47
464,0,55,7.3684
464,1.78351,30.0878,3864.47
465,0,55,7.3684
465,1.85634,30.0878,3864.47
466,0,55,7.8947
466,0.514816,29.2499,3864.95
467,0,55,7.8947
467,1.78337,29.2499,3864.95
468,0,55,7.8947
468,1.8562,29.2499,3864.95
469,0,55,8.4211
469,0.514777,28.4495,3865.45
470,0,55,8.4211
470,1.78324,28.4495,3865.45
471,0,55,8.4211
471,1.85605,28.4495,3865.45
472,0,55,8.9474
472,0.514736,27.6715,3866.07
473,0,55,8.9474
473,1.7831,27.6715,3866.08
474,0,55,8.9474
474,1.85591,27.6715,3866.08
475,0,55,9.4737
475,0.514711,26.9158,3866.56
476,0,55,9.4737
476,1.78301,26.9158,3866.56
477,0,55,9.4737
477,1.85581,26.9158,3866.56
478,0,55,10
478,0.514697,26.188,3867.1
479,0,55,10
479,1.78296,26.188,3867.1
480,0,55,10
480,1.85577,26.188,3867.1
481,0,55,0
481,0.517508,55,3857.1
482,0,55,0
482,1.7927,55,3857.1
483,0,55,0
483,1.8659,55,3857.1
484,0,55,0.52632
484,0.516988,47.8032,3857.64
485,0,55,0.52632
485,1.7909,47.8032,3857.64
486,0,55,0.52632
486,1.86403,47.8032,3857.64
487,0,55,1.0526
487,0.516824,44.8382,3858.15
488,0,55,1.0526
488,1.79033,44.8382,3858.15
489,0,55,1.0526
489,1.86343,44.8382,3858.15
490,0,55,1.5789
490,0.516715,42.5713,3858.67
491,0,55,1.5789
491,1.78995,42.5713,3858.67
492,0,55,1.5789
492,1.86304,42.5713,3858.67
493,0,55,2.1053
493,0.516636,40.664,3859.21
494,0,55,2.1053
494,1.78968,40.664,3859.21
495,0,55,2.1053
495,1.86275,40.664,3859.21
496,0,55,2.6316
496,0.51658,38.993,3859.72
497,0,55,2.6316
497,1.78948,38.993,3859.72
498,0,55,2.6316
498,1.86255,38.993,3859.72
499,0,55,3.1579
499,0.516533,37.4844,3860.27
500,0,55,3.1579
500,1.78932,37.4844,3860.27
501,0,55,3.1579
501,1.86238,37.4844,3860.27
502,0,55,3.6842
502,0.516505,36.103,3860.78
503,0,55,3.6842
503,1.78922,36.103,3860.78
504,0,55,3.6842
504,1.86228,36.103,3860.78
505,0,55,4.2105
505,0.51648,34.8222,3861.32
506,0,55,4.2105
506,1.78914,34.8222,3861.32
507,0,55,4.2105
507,1.8622,34.8222,3861.32
508,0,55,4.7368
508,0.51647,33.6212,3861.84
509,0,55,4.7368
509,1.7891,33.6212,3861.84
510,0,55,4.7368
510,1.86216,33.6212,3861.84
511,0,55,5.2632
511,0.516468,32.4945,3862.34
512,0,55,5.2632
512,1.78909,32.4945,3862.34
513,0,55,5.2632
513,1.86215,32.4945,3862.34
514,0,55,5.7895
514,0.516465,31.4259,3862.89
515,0,55,5.7895
515,1.78909,31.4259,3862.89
516,0,55,5.7895
516,1.86214,31.4259,3862.89
517,0,55,6.3158
517,0.516475,30.4056,3863.42
518,0,55,6.3158
518,1.78912,30.4056,3863.42
519,0,55,6.3158
519,1.86217,30.4056,3863.42
520,0,55,6.8421
520,0.516495,29.4349,3863.9
521,0,55,6.8421
521,1.78919,29.4349,3863.9
522,0,55,6.8421
522,1.86225,29.4349,3863.9
523,0,55,7.3684
523,0.516515,28.5085,3864.44
524,0,55,7.3684
524,1.78926,28.5085,3864.44
525,0,55,7.3684
525,1.86232,28.5085,3864.44
526,0,55,7.8947
526,0.516541,27.6144,3865.02
527,0,55,7.8947
527,1.78935,27.6144,3865.02
528,0,55,7.8947
528,1.86241,27.6144,3865.02
529,0,55,8.4211
529,0.516585,26.7533,3865.49
530,0,55,8.4211
530,1.7895,26.7533,3865.49
531,0,55,8.4211
531,1.86257,26.7533,3865.49
532,0,55,8.9474
532,0.516632,25.9334,3865.89
533,0,55,8.9474
533,1.78966,25.9334,3865.89
534,0,55,8.9474
534,1.86274,25.9334,3865.89
535,0,55,9.4737
535,0.516671,25.145,3866.55
536,0,55,9.4737
536,1.7898,25.145,3866.55
537,0,55,9.4737
537,1.86288,25.145,3866.55
538,0,55,10
538,0.516714,24.3727,3867.11
539,0,55,10
539,1.78995,24.3727,3867.11
540,0,55,10
540,1.86304,24.3727,3867.11
541,0,55,0
541,0.517508,55,3857.1
542,0,55,0
542,1.7927,55,3857.1
543,0,55,0
543,1.8659,55,3857.1
544,0,55,0.52632
544,0.517391,47.5881,3857.64
545,0,55,0.52632
545,1.79229,47.5881,3857.64
546,0,55,0.52632
546,1.86548,47.5881,3857.64
547,0,55,1.0526
547,0.517396,44.5282,3858.16
548,0,55,1.0526
548,1.79231,44.5282,3858.16
549,0,55,1.0526
549,1.8655,44.5282,3858.16
550,0,55,1.5789
550,0.517422,42.185,3858.67
551,0,55,1.5789
551,1.7924,42.185,3858.67
552,0,55,1.5789
552,1.86559,42.185,3858.67
553,0,55,2.1053
553,0.51746,40.2117,3859.19
554,0,55,2.1053
554,1.79253,40.2117,3859.19
555,0,55,2.1053
555,1.86573,40.2117,3859.19
556,0,55,2.6316
556,0.517501,38.4828,3859.73
557,0,55,2.6316
557,1.79268,38.4828,3859.73
558,0,55,2.6316
558,1.86588,38.4828,3859.73
559,0,55,3.1579
559,0.517552,36.9197,3860.25
560,0,55,3.1579
560,1.79285,36.9197,3860.25
561,0,55,3.1579
561,1.86606,36.9197,3860.25
562,0,55,3.6842
562,0.517609,35.4903,3860.78
563,0,55,3.6842
563,1.79305,35.4903,3860.78
564,0,55,3.6842
564,1.86626,35.4903,3860.78
565,0,55,4.2105
565,0.517671,34.1603,3861.31
566,0,55,4.2105
566,1.79326,34.1603,3861.31
567,0,55,4.2105
567,1.86649,34.1603,3861.31
568,0,55,4.7368
568,0.517742,32.9182,3861.78
569,0,55,4.7368
569,1.79351,32.9182,3861.78
570,0,55,4.7368
570,1.86674,32.9182,3861.78
571,0,55,5.2632
571,0.517808,31.7483,3862.35
572,0,55,5.2632
572,1.79374,31.7483,3862.35
573,0,55,5.2632
573,1.86698,31.7483,3862.35
574,0,55,5.7895
574,0.517883,30.6355,3862.89
575,0,55,5.7895
575,1.794,30.6355,3862.89
576,0,55,5.7895
576,1.86725,30.6355,3862.89
577,0,55,6.3158
577,0.517968,29.5812,3863.38
578,0,55,6.3158
578,1.79429,29.5812,3863.38
579,0,55,6.3158
579,1.86756,29.5812,3863.38
580,0,55,6.8421
580,0.518049,28.579,3863.94
581,0,55,6.8421
581,1.79457,28.579,3863.94
582,0,55,6.8421
582,1.86785,28.579,3863.94
583,0,55,7.3684
583,0.518135,27.6129,3864.52
584,0,55,7.3684
584,1.79487,27.6129,3864.52
585,0,55,7.3684
585,1.86816,27.6129,3864.52
586,0,55,7.8947
586,0.518239,26.6867,3864.99
587,0,55,7.8947
587,1.79523,26.6867,3864.99
588,0,55,7.8947
588,1.86854,26.6867,3864.99
589,0,55,8.4211
589,0.518342,25.8062,3865.47
590,0,55,8.4211
590,1.79559,25.8062,3865.47
591,0,55,8.4211
591,1.86891,25.8062,3865.47
592,0,55,8.9474
592,0.518441,24.9522,3866.01
593,0,55,8.9474
593,1.79593,24.9522,3866.01
594,0,55,8.9474
594,1.86926,24.9522,3866.01
595,0,55,9.4737
595,0.518557,24.1221,3866.64
596,0,55,9.4737
596,1.79633,24.1221,3866.64
597,0,55,9.4737
597,1.86968,24.1221,3866.64
598,0,55,10
598,0.518693,23.3245,3867.08
599,0,55,10
599,1.7968,23.3245,3867.08
600,0,55,10
600,1.87017,23.3245,3867.08
601,0,55,0
601,0.517508,55,3857.1
602,0,55,0
602,1.7927,55,3857.1
603,0,55,0
603,1.8659,55,3857.1
604,0,55,0.52632
604,0.517792,47.5751,3857.64
605,0,55,0.52632
605,1.79368,47.5751,3857.64
606,0,55,0.52632
606,1.86692,47.5751,3857.64
607,0,55,1.0526
607,0.517965,44.5016,3858.14
608,0,55,1.0526
608,1.79428,44.5016,3858.14
609,0,55,1.0526
609,1.86755,44.5016,3858.14
610,0,55,1.5789
610,0.518115,42.1458,3858.69
611,0,55,1.5789
611,1.7948,42.1458,3858.69
612,0,55,1.5789
612,1.86809,42.1458,3858.69
613,0,55,2.1053
613,0.518264,40.1601,3859.19
614,0,55,2.1053
614,1.79532,40.1601,3859.19
615,0,55,2.1053
615,1.86862,40.1601,3859.19
616,0,55,2.6316
616,0.518402,38.4172,3859.72
617,0,55,2.6316
617,1.79579,38.4172,3859.72
618,0,55,2.6316
618,1.86912,38.4172,3859.72
619,0,55,3.1579
619,0.51854,36.8411,3860.25
620,0,55,3.1579
620,1.79627,36.8411,3860.25
621,0,55,3.1579
621,1.86962,36.8411,3860.25
622,0,55,3.6842
622,0.518674,35.3993,3860.78
623,0,55,3.6842
623,1.79674,35.3993,3860.78
624,0,55,3.6842
624,1.87011,35.3993,3860.78
625,0,55,4.2105
625,0.518813,34.0569,3861.3
626,0,55,4.2105
626,1.79722,34.0569,3861.3
627,0,55,4.2105
627,1.8706,34.0569,3861.3
628,0,55,4.7368
628,0.518954,32.8037,3861.79
629,0,55,4.7368
629,1.79771,32.8037,3861.79
630,0,55,4.7368
630,1.87111,32.8037,3861.79
631,0,55,5.2632
631,0.519086,31.619,3862.37
632,0,55,5.2632
632,1.79817,31.619,3862.37
633,0,55,5.2632
633,1.87159,31.619,3862.37
634,0,55,5.7895
634,0.519229,30.4946,3862.87
635,0,55,5.7895
635,1.79866,30.4946,3862.87
636,0,55,5.7895
636,1.8721,30.4946,3862.87
637,0,55,6.3158
637,0.519373,29.4327,3863.37
638,0,55,6.3158
638,1.79916,29.4327,3863.37
639,0,55,6.3158
639,1.87262,29.4327,3863.37
640,0,55,6.8421
640,0.519512,28.4154,3863.94
641,0,55,6.8421
641,1.79964,28.4154,3863.94
642,0,55,6.8421
642,1.87313,28.4154,3863.94
643,0,55,7.3684
643,0.519664,27.4369,3864.44
644,0,55,7.3684
644,1.80017,27.4369,3864.44
645,0,55,7.3684
645,1.87367,27.4369,3864.44
646,0,55,7.8947
646,0.519822,26.5053,3864.93
647,0,55,7.8947
647,1.80072,26.5053,3864.93
648,0,55,7.8947
648,1.87424,26.5053,3864.93
649,0,55,8.4211
649,0.519974,25.6126,3865.53
650,0,55,8.4211
650,1.80124,25.6126,3865.53
651,0,55,8.4211
651,1.87479,25.6126,3865.53
652,0,55,8.9474
652,0.520132,24.7433,3866.11
653,0,55,8.9474
653,1.80179,24.7433,3866.11
654,0,55,8.9474
654,1.87536,24.7433,3866.11
655,0,55,9.4737
655,0.520315,23.9038,3866.45
656,0,55,9.4737
656,1.80242,23.9038,3866.45
657,0,55,9.4737
657,1.87602,23.9038,3866.45
658,0,55,10
658,0.520498,23.1081,3866.97
659,0,55,10
659,1.80306,23.1081,3866.97
660,0,55,10
660,1.87668,23.1081,3866.97
661,0,55,0
661,0.517508,55,3857.1
662,0,55,0
662,1.7927,55,3857.1
663,0,55,0
663,1.8659,55,3857.1
664,0,55,0.52632
664,0.518178,47.7651,3857.65
665,0,55,0.52632
665,1.79502,47.7651,3857.65
666,0,55,0.52632
666,1.86832,47.7651,3857.65
667,0,55,1.0526
667,0.518509,44.7622,3858.15
668,0,55,1.0526
668,1.79616,44.7622,3858.15
669,0,55,1.0526
669,1.86951,44.7622,3858.15
670,0,55,1.5789
670,0.51878,42.4578,3858.68
671,0,55,1.5789
671,1.7971,42.4578,3858.68
672,0,55,1.5789
672,1.87049,42.4578,3858.68
673,0,55,2.1053
673,0.519025,40.513,3859.2
674,0,55,2.1053
674,1.79795,40.513,3859.2
675,0,55,2.1053
675,1.87137,40.513,3859.2
676,0,55,2.6316
676,0.519253,38.8044,3859.72
677,0,55,2.6316
677,1.79874,38.8044,3859.72
678,0,55,2.6316
678,1.87219,38.8044,3859.72
679,0,55,3.1579
679,0.519466,37.2575,3860.25
680,0,55,3.1579
680,1.79948,37.2575,3860.25
681,0,55,3.1579
681,1.87296,37.2575,3860.25
682,0,55,3.6842
682,0.519674,35.8417,3860.78
683,0,55,3.6842
683,1.8002,35.8417,3860.78
684,0,55,3.6842
684,1.87371,35.8417,3860.78
685,0,55,4.2105
685,0.519874,34.5223,3861.32
686,0,55,4.2105
686,1.8009,34.5223,3861.32
687,0,55,4.2105
687,1.87443,34.5223,3861.32
688,0,55,4.7368
688,0.520077,33.2881,3861.8
689,0,55,4.7368
689,1.8016,33.2881,3861.8
690,0,55,4.7368
690,1.87516,33.2881,3861.8
691,0,55,5.2632
691,0.52027,32.1237,3862.35
692,0,55,5.2632
692,1.80226,32.1237,3862.35
693,0,55,5.2632
693,1.87586,32.1237,3862.35
694,0,55,5.7895
694,0.520461,31.0151,3862.89
695,0,55,5.7895
695,1.80293,31.0151,3862.89
696,0,55,5.7895
696,1.87655,31.0151,3862.89
697,0,55,6.3158
697,0.520657,29.9646,3863.38
698,0,55,6.3158
698,1.80361,29.9646,3863.38
699,0,55,6.3158
699,1.87725,29.9646,3863.38
700,0,55,6.8421
700,0.520846,28.9636,3863.92
701,0,55,6.8421
701,1.80426,28.9636,3863.92
702,0,55,6.8421
702,1.87794,28.9636,3863.92
703,0,55,7.3684
703,0.521037,27.9974,3864.48
704,0,55,7.3684
704,1.80492,27.9974,3864.48
705,0,55,7.3684
705,1.87862,27.9974,3864.48
706,0,55,7.8947
706,0.52124,27.072,3864.97
707,0,55,7.8947
707,1.80563,27.0719,3864.97
708,0,55,7.8947
708,1.87936,27.0719,3864.97
709,0,55,8.4211
709,0.521437,26.1902,3865.51
710,0,55,8.4211
710,1.80631,26.1902,3865.51
711,0,55,8.4211
711,1.88007,26.1902,3865.51
712,0,55,8.9474
712,0.521629,25.3322,3866.07
713,0,55,8.9474
713,1.80697,25.3322,3866.07
714,0,55,8.9474
714,1.88076,25.3322,3866.07
715,0,55,9.4737
715,0.521842,24.4981,3866.5
716,0,55,9.4737
716,1.80771,24.4981,3866.5
717,0,55,9.4737
717,1.88152,24.4981,3866.5
718,0,55,10
718,0.522065,23.7013,3867.02
719,0,55,10
719,1.80848,23.7013,3867.02
720,0,55,10
720,1.88233,23.7013,3867.02
721,0,55,0
721,0.517508,55,3857.1
722,0,55,0
722,1.7927,55,3857.1
723,0,55,0
723,1.8659,55,3857.1
724,0,55,0.52632
724,0.518542,48.1539,3857.66
725,0,55,0.52632
725,1.79628,48.1539,3857.66
726,0,55,0.52632
726,1.86963,48.1539,3857.66
727,0,55,1.0526
727,0.519019,45.305,3858.14
728,0,55,1.0526
728,1.79793,45.305,3858.14
729,0,55,1.0526
729,1.87135,45.305,3858.14
730,0,55,1.5789
730,0.519396,43.1153,3858.68
731,0,55,1.5789
731,1.79924,43.1153,3858.68
732,0,55,1.5789
732,1.87271,43.1153,3858.68
733,0,55,2.1053
733,0.519727,41.2661,3859.21
734,0,55,2.1053
734,1.80039,41.2661,3859.21
735,0,55,2.1053
735,1.8739,41.2661,3859.21
736,0,55,2.6316
736,0.520033,39.6385,3859.71
737,0,55,2.6316
737,1.80145,39.6385,3859.71
738,0,55,2.6316
738,1.875,39.6385,3859.71
739,0,55,3.1579
739,0.520312,38.1653,3860.26
740,0,55,3.1579
740,1.80241,38.1653,3860.27
741,0,55,3.1579
741,1.87601,38.1653,3860.27
742,0,55,3.6842
742,0.520581,36.8111,3860.77
743,0,55,3.6842
743,1.80334,36.8111,3860.77
744,0,55,3.6842
744,1.87698,36.8111,3860.77
745,0,55,4.2105
745,0.520834,35.5544,3861.32
746,0,55,4.2105
746,1.80422,35.5544,3861.32
747,0,55,4.2105
747,1.87789,35.5544,3861.32
748,0,55,4.7368
748,0.521083,34.3719,3861.83
749,0,55,4.7368
749,1.80508,34.3719,3861.83
750,0,55,4.7368
750,1.87879,34.3719,3861.83
751,0,55,5.2632
751,0.521327,33.2581,3862.33
752,0,55,5.2632
752,1.80593,33.2581,3862.33
753,0,55,5.2632
753,1.87967,33.2581,3862.33
754,0,55,5.7895
754,0.52156,32.1992,3862.87
755,0,55,5.7895
755,1.80673,32.1992,3862.87
756,0,55,5.7895
756,1.88051,32.1992,3862.87
757,0,55,6.3158
757,0.521789,31.1858,3863.42
758,0,55,6.3158
758,1.80753,31.1858,3863.42
759,0,55,6.3158
759,1.88133,31.1858,3863.42
760,0,55,6.8421
760,0.52202,30.2211,3863.92
761,0,55,6.8421
761,1.80833,30.2211,3863.92
762,0,55,6.8421
762,1.88217,30.2211,3863.92
763,0,55,7.3684
763,0.522243,29.2996,3864.45
764,0,55,7.3684
764,1.8091,29.2996,3864.46
765,0,55,7.3684
765,1.88297,29.2996,3864.45
766,0,55,7.8947
766,0.522463,28.406,3865.01
767,0,55,7.8947
767,1.80986,28.406,3865.01
768,0,55,7.8947
768,1.88376,28.406,3865.01
769,0,55,8.4211
769,0.522695,27.5449,3865.5
770,0,55,8.4211
770,1.81067,27.5449,3865.5
771,0,55,8.4211
771,1.8846,27.5449,3865.5
772,0,55,8.9474
772,0.52292,26.7232,3866.02
773,0,55,8.9474
773,1.81145,26.7232,3866.02
774,0,55,8.9474
774,1.88541,26.7232,3866.02
775,0,55,9.4737
775,0.523138,25.9248,3866.54
776,0,55,9.4737
776,1.8122,25.9248,3866.54
777,0,55,9.4737
777,1.8862,25.9248,3866.54
778,0,55,10
778,0.523364,25.1446,3867.15
779,0,55,10
779,1.81299,25.1446,3867.15
780,0,55,10
780,1.88702,25.1446,3867.15
781,0,55,0
781,0.517508,55,3857.1
782,0,55,0
782,1.7927,55,3857.1
783,0,55,0
783,1.8659,55,3857.1
784,0,55,0.52632
784,0.518879,48.7318,3857.64
785,0,55,0.52632
785,1.79745,48.7318,3857.64
786,0,55,0.52632
786,1.87084,48.7318,3857.64
787,0,55,1.0526
787,0.519481,46.1168,3858.14
788,0,55,1.0526
788,1.79953,46.1168,3858.14
789,0,55,1.0526
789,1.87301,46.1168,3858.14
790,0,55,1.5789
790,0.519952,44.1035,3858.67
791,0,55,1.5789
791,1.80117,44.1035,3858.67
792,0,55,1.5789
792,1.87471,44.1035,3858.67
793,0,55,2.1053
793,0.520356,42.4032,3859.21
794,0,55,2.1053
794,1.80257,42.4032,3859.21
795,0,55,2.1053
795,1.87617,42.4032,3859.21
796,0,55,2.6316
796,0.520725,40.9016,3859.72
797,0,55,2.6316
797,1.80384,40.9016,3859.72
798,0,55,2.6316
798,1.8775,40.9016,3859.72
799,0,55,3.1579
799,0.521064,39.5457,3860.23
800,0,55,3.1579
800,1.80502,39.5457,3860.23
801,0,55,3.1579
801,1.87872,39.5457,3860.23
802,0,55,3.6842
802,0.521376,38.2949,3860.79
803,0,55,3.6842
803,1.8061,38.2949,3860.79
804,0,55,3.6842
804,1.87985,38.2949,3860.79
805,0,55,4.2105
805,0.521677,37.1301,3861.31
806,0,55,4.2105
806,1.80714,37.1301,3861.31
807,0,55,4.2105
807,1.88093,37.1301,3861.31
808,0,55,4.7368
808,0.521963,36.0399,3861.83
809,0,55,4.7368
809,1.80813,36.0399,3861.83
810,0,55,4.7368
810,1.88196,36.0399,3861.83
811,0,55,5.2632
811,0.522236,35.0056,3862.37
812,0,55,5.2632
812,1.80908,35.0056,3862.37
813,0,55,5.2632
813,1.88295,35.0056,3862.37
814,0,55,5.7895
814,0.522507,34.0226,3862.87
815,0,55,5.7895
815,1.81001,34.0226,3862.87
816,0,55,5.7895
816,1.88392,34.0226,3862.87
817,0,55,6.3158
817,0.522768,33.0875,3863.38
818,0,55,6.3158
818,1.81092,33.0875,3863.38
819,0,55,6.3158
819,1.88487,33.0875,3863.38
820,0,55,6.8421
820,0.523016,32.1869,3863.95
821,0,55,6.8421
821,1.81178,32.1869,3863.95
822,0,55,6.8421
822,1.88576,32.1869,3863.95
823,0,55,7.3684
823,0.523264,31.3201,3864.46
824,0,55,7.3684
824,1.81264,31.3201,3864.46
825,0,55,7.3684
825,1.88665,31.3201,3864.46
826,0,55,7.8947
826,0.523511,30.4902,3864.96
827,0,55,7.8947
827,1.81349,30.4902,3864.96
828,0,55,7.8947
828,1.88754,30.4902,3864.96
829,0,55,8.4211
829,0.523748,29.6923,3865.52
830,0,55,8.4211
830,1.81432,29.6923,3865.52
831,0,55,8.4211
831,1.8884,29.6923,3865.52
832,0,55,8.9474
832,0.523981,28.915,3866.05
833,0,55,8.9474
833,1.81512,28.9149,3866.05
834,0,55,8.9474
834,1.88924,28.9149,3866.05
835,0,55,9.4737
835,0.524219,28.1604,3866.6
836,0,55,9.4737
836,1.81595,28.1604,3866.6
837,0,55,9.4737
837,1.8901,28.1604,3866.6
838,0,55,10
838,0.524458,27.4327,3867.03
839,0,55,10
839,1.81677,27.4327,3867.04
840,0,55,10
840,1.89096,27.4327,3867.03
841,0,55,0
841,0.517508,55,3857.1
842,0,55,0
842,1.7927,55,3857.1
843,0,55,0
843,1.8659,55,3857.1
844,0,55,0.52632
844,0.519177,49.4831,3857.61
845,0,55,0.52632
845,1.79848,49.4831,3857.61
846,0,55,0.52632
846,1.87192,49.4831,3857.61
847,0,55,1.0526
847,0.519884,47.1755,3858.14
848,0,55,1.0526
848,1.80093,47.1755,3858.14
849,0,55,1.0526
849,1.87447,47.1755,3858.14
850,0,55,1.5789
850,0.520434,45.399,3858.67
851,0,55,1.5789
851,1.80283,45.399,3858.67
852,0,55,1.5789
852,1.87645,45.399,3858.67
853,0,55,2.1053
853,0.520904,43.8948,3859.19
854,0,55,2.1053
854,1.80446,43.8948,3859.19
855,0,55,2.1053
855,1.87814,43.8948,3859.19
856,0,55,2.6316
856,0.52132,42.5674,3859.74
857,0,55,2.6316
857,1.8059,42.5674,3859.74
858,0,55,2.6316
858,1.87964,42.5674,3859.74
859,0,55,3.1579
859,0.521702,41.3632,3860.26
860,0,55,3.1579
860,1.80723,41.3632,3860.26
861,0,55,3.1579
861,1.88102,41.3632,3860.26
862,0,55,3.6842
862,0.52206,40.2552,3860.76
863,0,55,3.6842
863,1.80847,40.2552,3860.76
864,0,55,3.6842
864,1.88231,40.2552,3860.76
865,0,55,4.2105
865,0.522392,39.2237,3861.29
866,0,55,4.2105
866,1.80962,39.2237,3861.29
867,0,55,4.2105
867,1.88351,39.2237,3861.29
868,0,55,4.7368
868,0.522704,38.2506,3861.85
869,0,55,4.7368
869,1.8107,38.2506,3861.85
870,0,55,4.7368
870,1.88463,38.2506,3861.85
871,0,55,5.2632
871,0.523007,37.3298,3862.35
872,0,55,5.2632
872,1.81175,37.3298,3862.35
873,0,55,5.2632
873,1.88573,37.3298,3862.35
874,0,55,5.7895
874,0.523297,36.4574,3862.87
875,0,55,5.7895
875,1.81275,36.4574,3862.87
876,0,55,5.7895
876,1.88677,36.4574,3862.87
877,0,55,6.3158
877,0.523573,35.6208,3863.43
878,0,55,6.3158
878,1.81371,35.6208,3863.43
879,0,55,6.3158
879,1.88777,35.6208,3863.43
880,0,55,6.8421
880,0.523845,34.817,3863.94
881,0,55,6.8421
881,1.81465,34.817,3863.94
882,0,55,6.8421
882,1.88875,34.817,3863.94
883,0,55,7.3684
883,0.524112,34.045,3864.44
884,0,55,7.3684
884,1.81557,34.045,3864.44
885,0,55,7.3684
885,1.88971,34.045,3864.44
886,0,55,7.8947
886,0.524367,33.3019,3864.95
887,0,55,7.8947
887,1.81646,33.3019,3864.95
888,0,55,7.8947
888,1.89063,33.3019,3864.95
889,0,55,8.4211
889,0.524613,32.58,3865.52
890,0,55,8.4211
890,1.81731,32.5799,3865.52
891,0,55,8.4211
891,1.89152,32.5799,3865.52
892,0,55,8.9474
892,0.524856,31.8797,3866.05
893,0,55,8.9474
893,1.81815,31.8797,3866.05
894,0,55,8.9474
894,1.89239,31.8797,3866.05
895,0,55,9.4737
895,0.525098,31.2017,3866.57
896,0,55,9.4737
896,1.81899,31.2017,3866.57
897,0,55,9.4737
897,1.89327,31.2017,3866.57
898,0,55,10
898,0.525337,30.5473,3867.07
899,0,55,10
899,1.81982,30.5473,3867.07
900,0,55,10
900,1.89413,30.5473,3867.07
901,0,55,0
901,0.517508,55,3857.1
902,0,55,0
902,1.7927,55,3857.1
903,0,55,0
903,1.8659,55,3857.1
904,0,55,0.52632
904,0.519424,50.3881,3857.63
905,0,55,0.52632
905,1.79934,50.3881,3857.63
906,0,55,0.52632
906,1.87281,50.3881,3857.63
907,0,55,1.0526
907,0.520218,48.4569,3858.17
908,0,55,1.0526
908,1.80209,48.4569,3858.17
909,0,55,1.0526
909,1.87567,48.4569,3858.17
910,0,55,1.5789
910,0.520839,46.9653,3858.65
911,0,55,1.5789
911,1.80424,46.9652,3858.65
912,0,55,1.5789
912,1.87791,46.9652,3858.65
913,0,55,2.1053
913,0.521357,45.7045,3859.2
914,0,55,2.1053
914,1.80603,45.7045,3859.2
915,0,55,2.1053
915,1.87978,45.7045,3859.19
916,0,55,2.6316
916,0.521815,44.5883,3859.73
917,0,55,2.6316
917,1.80762,44.5883,3859.73
918,0,55,2.6316
918,1.88143,44.5883,3859.73
919,0,55,3.1579
919,0.522231,43.5771,3860.25
920,0,55,3.1579
920,1.80906,43.5771,3860.25
921,0,55,3.1579
921,1.88293,43.5771,3860.25
922,0,55,3.6842
922,0.522613,42.6445,3860.79
923,0,55,3.6842
923,1.81038,42.6445,3860.79
924,0,55,3.6842
924,1.88431,42.6445,3860.79
925,0,55,4.2105
925,0.522971,41.7737,3861.32
926,0,55,4.2105
926,1.81162,41.7737,3861.32
927,0,55,4.2105
927,1.8856,41.7737,3861.32
928,0,55,4.7368
928,0.523311,40.9545,3861.83
929,0,55,4.7368
929,1.8128,40.9545,3861.83
930,0,55,4.7368
930,1.88682,40.9545,3861.83
931,0,55,5.2632
931,0.523633,40.1794,3862.34
932,0,55,5.2632
932,1.81392,40.1794,3862.34
933,0,55,5.2632
933,1.88798,40.1794,3862.34
934,0,55,5.7895
934,0.523937,39.4411,3862.87
935,0,55,5.7895
935,1.81497,39.4411,3862.87
936,0,55,5.7895
936,1.88908,39.4411,3862.87
937,0,55,6.3158
937,0.524226,38.7326,3863.43
938,0,55,6.3158
938,1.81597,38.7326,3863.43
939,0,55,6.3158
939,1.89012,38.7326,3863.43
940,0,55,6.8421
940,0.524508,38.0521,3863.95
941,0,55,6.8421
941,1.81695,38.0521,3863.95
942,0,55,6.8421
942,1.89114,38.0521,3863.95
943,0,55,7.3684
943,0.524782,37.3975,3864.46
944,0,55,7.3684
944,1.8179,37.3975,3864.46
945,0,55,7.3684
945,1.89213,37.3975,3864.46
946,0,55,7.8947
946,0.525045,36.7674,3864.98
947,0,55,7.8947
947,1.81881,36.7674,3864.98
948,0,55,7.8947
948,1.89308,36.7674,3864.98
949,0,55,8.4211
949,0.5253,36.1561,3865.52
950,0,55,8.4211
950,1.81969,36.1561,3865.52
951,0,55,8.4211
951,1.89399,36.1561,3865.52
952,0,55,8.9474
952,0.525546,35.562,3866.07
953,0,55,8.9474
953,1.82054,35.562,3866.07
954,0,55,8.9474
954,1.89488,35.562,3866.07
955,0,55,9.4737
955,0.525792,34.9843,3866.56
956,0,55,9.4737
956,1.82139,34.9843,3866.56
957,0,55,9.4737
957,1.89577,34.9843,3866.56
958,0,55,10
958,0.526033,34.423,3867.05
959,0,55,10
959,1.82223,34.423,3867.05
960,0,55,10
960,1.89664,34.423,3867.05
961,0,55,0
961,0.517508,55,3857.1
962,0,55,0
962,1.7927,55,3857.1
963,0,55,0
963,1.8659,55,3857.1
964,0,55,0.52632
964,0.519625,51.423,3857.61
965,0,55,0.52632
965,1.80003,51.423,3857.61
966,0,55,0.52632
966,1.87353,51.423,3857.61
967,0,55,1.0526
967,0.520492,49.922,3858.15
968,0,55,1.0526
968,1.80303,49.922,3858.15
969,0,55,1.0526
969,1.87666,49.922,3858.15
970,0,55,1.5789
970,0.521152,48.7634,3858.69
971,0,55,1.5789
971,1.80532,48.7634,3858.69
972,0,55,1.5789
972,1.87904,48.7634,3858.69
973,0,55,2.1053
973,0.521709,47.7803,3859.22
974,0,55,2.1053
974,1.80725,47.7803,3859.22
975,0,55,2.1053
975,1.88105,47.7803,3859.22
976,0,55,2.6316
976,0.522204,46.9113,3859.7
977,0,55,2.6316
977,1.80897,46.9113,3859.7
978,0,55,2.6316
978,1.88283,46.9113,3859.7
979,0,55,3.1579
979,0.522644,46.1241,3860.24
980,0,55,3.1579
980,1.81049,46.1241,3860.24
981,0,55,3.1579
981,1.88442,46.1241,3860.24
982,0,55,3.6842
982,0.523046,45.3963,3860.78
983,0,55,3.6842
983,1.81188,45.3963,3860.78
984,0,55,3.6842
984,1.88587,45.3963,3860.78
985,0,55,4.2105
985,0.523423,44.7172,3861.31
986,0,55,4.2105
986,1.81319,44.7172,3861.31
987,0,55,4.2105
987,1.88722,44.7172,3861.31
988,0,55,4.7368
988,0.523775,44.0776,3861.83
989,0,55,4.7368
989,1.81441,44.0776,3861.83
990,0,55,4.7368
990,1.8885,44.0776,3861.83
991,0,55,5.2632
991,0.524108,43.4717,3862.36
992,0,55,5.2632
992,1.81556,43.4717,3862.36
993,0,55,5.2632
993,1.8897,43.4717,3862.36
994,0,55,5.7895
994,0.524423,42.8933,3862.89
995,0,55,5.7895
995,1.81665,42.8933,3862.89
996,0,55,5.7895
996,1.89083,42.8933,3862.89
997,0,55,6.3158
997,0.524725,42.3391,3863.42
998,0,55,6.3158
998,1.8177,42.3391,3863.42
999,0,55,6.3158
999,1.89192,42.3391,3863.42
1000,0,55,6.8421
1000,0.525015,41.8069,3863.94
1001,0,55,6.8421
1001,1.8187,41.8069,3863.94
1002,0,55,6.8421
1002,1.89297,41.8069,3863.94
1003,0,55,7.3684
1003,0.525295,41.2936,3864.46
1004,0,55,7.3684
1004,1.81967,41.2936,3864.46
1005,0,55,7.3684
1005,1.89398,41.2936,3864.46
1006,0,55,7.8947
1006,0.525564,40.7977,3864.97
1007,0,55,7.8947
1007,1.82061,40.7977,3864.97
1008,0,55,7.8947
1008,1.89495,40.7977,3864.97
1009,0,55,8.4211
1009,0.525824,40.3182,3865.49
1010,0,55,8.4211
1010,1.82151,40.3182,3865.49
1011,0,55,8.4211
1011,1.89588,40.3182,3865.49
1012,0,55,8.9474
1012,0.526073,39.8525,3866.03
1013,0,55,8.9474
1013,1.82237,39.8525,3866.03
1014,0,55,8.9474
1014,1.89678,39.8525,3866.03
1015,0,55,9.4737
1015,0.526314,39.3988,3866.57
1016,0,55,9.4737
1016,1.8232,39.3988,3866.57
1017,0,55,9.4737
1017,1.89765,39.3988,3866.57
1018,0,55,10
1018,0.526549,38.9568,3867.11
1019,0,55,10
1019,1.82402,38.9568,3867.11
1020,0,55,10
1020,1.8985,38.9568,3867.11
1021,0,55,0
1021,0.517508,55,3857.1
1022,0,55,0
1022,1.7927,55,3857.1
1023,0,55,0
1023,1.8659,55,3857.1
1024,0,55,0.52632
1024,0.519769,52.5581,3857.62
1025,0,55,0.52632
1025,1.80053,52.5581,3857.62
1026,0,55,0.52632
1026,1.87405,52.5581,3857.62
1027,0,55,1.0526
1027,0.520688,51.5322,3858.14
1028,0,55,1.0526
1028,1.80371,51.5322,3858.14
1029,0,55,1.0526
1029,1.87736,51.5322,3858.14
1030,0,55,1.5789
1030,0.521383,50.7391,3858.68
1031,0,55,1.5789
1031,1.80612,50.7391,3858.68
1032,0,55,1.5789
1032,1.87987,50.7391,3858.68
1033,0,55,2.1053
1033,0.521967,50.0668,3859.2
1034,0,55,2.1053
1034,1.80815,50.0668,3859.2
1035,0,55,2.1053
1035,1.88198,50.0668,3859.2
1036,0,55,2.6316
1036,0.522478,49.4723,3859.72
1037,0,55,2.6316
1037,1.80991,49.4723,3859.72
1038,0,55,2.6316
1038,1.88382,49.4723,3859.72
1039,0,55,3.1579
1039,0.522933,48.9323,3860.26
1040,0,55,3.1579
1040,1.81149,48.9323,3860.26
1041,0,55,3.1579
1041,1.88546,48.9323,3860.26
1042,0,55,3.6842
1042,0.52335,48.4336,3860.81
1043,0,55,3.6842
1043,1.81294,48.4336,3860.81
1044,0,55,3.6842
1044,1.88696,48.4336,3860.81
1045,0,55,4.2105
1045,0.52374,47.9674,3861.32
1046,0,55,4.2105
1046,1.81429,47.9674,3861.32
1047,0,55,4.2105
1047,1.88837,47.9674,3861.32
1048,0,55,4.7368
1048,0.524106,47.528,3861.82
1049,0,55,4.7368
1049,1.81555,47.528,3861.82
1050,0,55,4.7368
1050,1.88969,47.528,3861.82
1051,0,55,5.2632
1051,0.52445,47.1119,3862.34
1052,0,55,5.2632
1052,1.81675,47.1119,3862.34
1053,0,55,5.2632
1053,1.89093,47.1119,3862.34
1054,0,55,5.7895
1054,0.524773,46.7155,3862.86
1055,0,55,5.7895
1055,1.81787,46.7155,3862.86
1056,0,55,5.7895
1056,1.89209,46.7155,3862.86
1057,0,55,6.3158
1057,0.52508,46.3356,3863.39
1058,0,55,6.3158
1058,1.81893,46.3356,3863.39
1059,0,55,6.3158
1059,1.8932,46.3356,3863.39
1060,0,55,6.8421
1060,0.525372,45.97,3863.93
1061,0,55,6.8421
1061,1.81994,45.97,3863.93
1062,0,55,6.8421
1062,1.89425,45.97,3863.93
1063,0,55,7.3684
1063,0.525651,45.6172,3864.48
1064,0,55,7.3684
1064,1.82091,45.6172,3864.48
1065,0,55,7.3684
1065,1.89526,45.6172,3864.48
1066,0,55,7.8947
1066,0.525921,45.2759,3865.01
1067,0,55,7.8947
1067,1.82184,45.2759,3865.01
1068,0,55,7.8947
1068,1.89623,45.2759,3865.01
1069,0,55,8.4211
1069,0.526183,44.9452,3865.52
1070,0,55,8.4211
1070,1.82275,44.9452,3865.52
1071,0,55,8.4211
1071,1.89718,44.9452,3865.52
1072,0,55,8.9474
1072,0.526435,44.6241,3866.05
1073,0,55,8.9474
1073,1.82362,44.6241,3866.05
1074,0,55,8.9474
1074,1.89809,44.6241,3866.05
1075,0,55,9.4737
1075,0.526679,44.3114,3866.57
1076,0,55,9.4737
1076,1.82447,44.3114,3866.57
1077,0,55,9.4737
1077,1.89897,44.3114,3866.57
1078,0,55,10
1078,0.526916,44.0069,3867.09
1079,0,55,10
1079,1.82529,44.0069,3867.09
1080,0,55,10
1080,1.89982,44.0069,3867.09
1081,0,55,0
1081,0.517508,55,3857.1
1082,0,55,0
1082,1.7927,55,3857.1
1083,0,55,0
1083,1.8659,55,3857.1
1084,0,55,0.52632
1084,0.519857,53.7606,3857.62
1085,0,55,0.52632
1085,1.80083,53.7606,3857.62
1086,0,55,0.52632
1086,1.87437,53.7606,3857.62
1087,0,55,1.0526
1087,0.520804,53.2408,3858.15
1088,0,55,1.0526
1088,1.80411,53.2408,3858.15
1089,0,55,1.0526
1089,1.87778,53.2408,3858.15
1090,0,55,1.5789
1090,0.52152,52.8387,3858.69
1091,0,55,1.5789
1091,1.8066,52.8387,3858.69
1092,0,55,1.5789
1092,1.88037,52.8387,3858.69
1093,0,55,2.1053
1093,0.522122,52.4974,3859.19
1094,0,55,2.1053
1094,1.80868,52.4974,3859.19
1095,0,55,2.1053
1095,1.88253,52.4974,3859.19
1096,0,55,2.6316
1096,0.522645,52.1951,3859.71
1097,0,55,2.6316
1097,1.81049,52.1951,3859.71
1098,0,55,2.6316
1098,1.88442,52.1951,3859.71
1099,0,55,3.1579
1099,0.523114,51.9206,3860.23
1100,0,55,3.1579
1100,1.81212,51.9206,3860.23
1101,0,55,3.1579
1101,1.88611,51.9206,3860.23
1102,0,55,3.6842
1102,0.52354,51.6671,3860.77
1103,0,55,3.6842
1103,1.81359,51.6671,3860.77
1104,0,55,3.6842
1104,1.88765,51.6671,3860.77
1105,0,55,4.2105
1105,0.523934,51.4304,3861.3
1106,0,55,4.2105
1106,1.81496,51.4304,3861.3
1107,0,55,4.2105
1107,1.88907,51.4304,3861.3
1108,0,55,4.7368
1108,0.524302,51.2072,3861.83
1109,0,55,4.7368
1109,1.81623,51.2072,3861.83
1110,0,55,4.7368
1110,1.8904,51.2072,3861.83
1111,0,55,5.2632
1111,0.524647,50.9952,3862.36
1112,0,55,5.2632
1112,1.81743,50.9952,3862.36
1113,0,55,5.2632
1113,1.89164,50.9952,3862.36
1114,0,55,5.7895
1114,0.524974,50.793,3862.89
1115,0,55,5.7895
1115,1.81856,50.793,3862.89
1116,0,55,5.7895
1116,1.89282,50.793,3862.89
1117,0,55,6.3158
1117,0.525284,50.5993,3863.42
1118,0,55,6.3158
1118,1.81964,50.5993,3863.42
1119,0,55,6.3158
1119,1.89394,50.5993,3863.42
1120,0,55,6.8421
1120,0.52558,50.4131,3863.95
1121,0,55,6.8421
1121,1.82066,50.4131,3863.95
1122,0,55,6.8421
1122,1.895,50.4131,3863.95
1123,0,55,7.3684
1123,0.525864,50.2335,3864.47
1124,0,55,7.3684
1124,1.82164,50.2335,3864.47
1125,0,55,7.3684
1125,1.89603,50.2335,3864.47
1126,0,55,7.8947
1126,0.526137,50.0598,3864.98
1127,0,55,7.8947
1127,1.82259,50.0598,3864.98
1128,0,55,7.8947
1128,1.89701,50.0598,3864.98
1129,0,55,8.4211
1129,0.526399,49.8914,3865.51
1130,0,55,8.4211
1130,1.8235,49.8914,3865.51
1131,0,55,8.4211
1131,1.89796,49.8914,3865.51
1132,0,55,8.9474
1132,0.526651,49.7278,3866.04
1133,0,55,8.9474
1133,1.82437,49.7278,3866.04
1134,0,55,8.9474
1134,1.89887,49.7278,3866.04
1135,0,55,9.4737
1135,0.526895,49.5684,3866.56
1136,0,55,9.4737
1136,1.82522,49.5684,3866.56
1137,0,55,9.4737
1137,1.89974,49.5684,3866.56
1138,0,55,10
1138,0.527131,49.4132,3867.08
1139,0,55,10
1139,1.82603,49.4132,3867.08
1140,0,55,10
1140,1.9006,49.4132,3867.08
1141,0,55,0
1141,0.517508,55,3857.1
1142,0,55,0
1142,1.7927,55,3857.1
1143,0,55,0
1143,1.8659,55,3857.1
1144,0,55,0.52632
1144,0.519885,55,3857.63
1145,0,55,0.52632
1145,1.80093,55,3857.63
1146,0,55,0.52632
1146,1.87447,55,3857.62
1147,0,55,1.0526
1147,0.520843,55,3858.15
1148,0,55,1.0526
1148,1.80425,55,3858.15
1149,0,55,1.0526
1149,1.87792,55,3858.15
1150,0,55,1.5789
1150,0.521567,55,3858.68
1151,0,55,1.5789
1151,1.80676,55,3858.68
1152,0,55,1.5789
1152,1.88053,55,3858.69
1153,0,55,2.1053
1153,0.522172,55,3859.2
1154,0,55,2.1053
1154,1.80886,55,3859.2
1155,0,55,2.1053
1155,1.88271,55,3859.21
1156,0,55,2.6316
1156,0.522698,55,3859.73
1157,0,55,2.6316
1157,1.81068,55,3859.73
1158,0,55,2.6316
1158,1.88461,55,3859.74
1159,0,55,3.1579
1159,0.52317,55,3860.25
1160,0,55,3.1579
1160,1.81231,55,3860.25
1161,0,55,3.1579
1161,1.88631,55,3860.25
1162,0,55,3.6842
1162,0.523599,55,3860.79
1163,0,55,3.6842
1163,1.8138,55,3860.79
1164,0,55,3.6842
1164,1.88786,55,3860.79
1165,0,55,4.2105
1165,0.523996,55,3861.31
1166,0,55,4.2105
1166,1.81517,55,3861.31
1167,0,55,4.2105
1167,1.8893,55,3861.31
1168,0,55,4.7368
1168,0.524367,55,3861.83
1169,0,55,4.7368
1169,1.81646,55,3861.83
1170,0,55,4.7368
1170,1.89063,55,3861.83
1171,0,55,5.2632
1171,0.524713,55,3862.37
1172,0,55,5.2632
1172,1.81766,55,3862.37
1173,0,55,5.2632
1173,1.89188,55,3862.37
1174,0,55,5.7895
1174,0.525043,55,3862.88
1175,0,55,5.7895
1175,1.8188,55,3862.88
1176,0,55,5.7895
1176,1.89307,55,3862.89
1177,0,55,6.3158
1177,0.525354,55,3863.41
1178,0,55,6.3158
1178,1.81988,55,3863.42
1179,0,55,6.3158
1179,1.89419,55,3863.41
1180,0,55,6.8421
1180,0.52565,55,3863.94
1181,0,55,6.8421
1181,1.8209,55,3863.94
1182,0,55,6.8421
1182,1.89526,55,3863.95
1183,0,55,7.3684
1183,0.525934,55,3864.47
1184,0,55,7.3684
1184,1.82189,55,3864.47
1185,0,55,7.3684
1185,1.89628,55,3864.47
1186,0,55,7.8947
1186,0.526207,55,3864.99
1187,0,55,7.8947
1187,1.82283,55,3864.99
1188,0,55,7.8947
1188,1.89727,55,3864.99
1189,0,55,8.4211
1189,0.526469,55,3865.52
1190,0,55,8.4211
1190,1.82374,55,3865.52
1191,0,55,8.4211
1191,1.89821,55,3865.52
1192,0,55,8.9474
1192,0.52672,55,3866.05
1193,0,55,8.9474
1193,1.82461,55,3866.05
1194,0,55,8.9474
1194,1.89912,55,3866.05
1195,0,55,9.4737
1195,0.526965,55,3866.57
1196,0,55,9.4737
1196,1.82546,55,3866.57
1197,0,55,9.4737
1197,1.9,55,3866.58
1198,0,55,10
1198,0.527201,55,3867.1
1199,0,55,10
1199,1.82627,55,3867.1
1200,0,55,10
1200,1.90085,55,3867.1
